d=[1637327817	-2.85	3.28
1637327843	-2.49	3.28
1637327849	-1.87	3.28
1637327851	-2.03	3.28
1637327857	-2.03	3.28
1637327859	-2.06	3.28
1637327861	-1.94	3.28
1637327863	-1.94	3.28
1637327865	-1.84	3.28
1637327871	-2.33	3.28
1637327873	-2.09	3.28
1637327888	-4.62	3.28
1637327896	-2.45	3.28
1637327896	-2.3	3.28
1637327897	-2.61	3.28
1637327899	-2.94	3.28
1637327901	-2.45	3.28
1637327903	-2.64	3.28
1637327905	-2.58	3.28
1637327907	-2.55	3.28
1637327912	-2.64	3.28
1637327911	-2.67	3.28
1637327913	-2.76	3.28
1637327915	-2.79	3.28
1637327917	-2.85	3.28
1637327919	-2.7	3.28
1637327921	-2.7	3.28
1637327923	-2.61	3.28
1637327925	-2.45	3.28
1637327927	-2.49	3.28
1637327929	-2.49	3.28
1637327931	-2.42	3.28
1637327936	-2.61	3.28
1637327936	-2.73	3.28
1637327937	-2.85	3.28
1637327939	-2.52	3.28
1637327951	-2.24	3.28
1637327951	-2.18	3.28
1637327951	-2.21	3.28
1637327951	-2.33	3.28
1637327957	-2.24	3.29
1637327963	-2.3	3.29
1637327965	-2.24	3.29
1637327967	-2.3	3.29
1637327973	-2.55	3.29
1637327975	-2.64	3.29
1637327977	-2.58	3.29
1637327983	-3.1	3.29
1637327985	-3.03	3.29
1637327989	-3	3.29
1637327989	-2.94	3.29
1637327991	-2.91	3.29
1637327993	-2.7	3.29
1637327995	-2.61	3.29
1637327997	-2.45	3.29
1637327999	-2.09	3.29
1637328001	-2.15	3.29
1637328003	-2.27	3.29
1637328008	-3.03	3.29
1637328014	-3	3.29
1637328016	-3.13	3.29
1637328018	-3.22	3.29
1637328023	-3.22	3.29
1637328025	-3.22	3.29
1637328027	-3.03	3.29
1637328029	-2.94	3.29
1637328031	-2.64	3.29
1637328220	-2.58	3.29
1637328238	-2.79	3.29
1637328240	-2.73	3.29
1637328245	-2.94	3.29
1637328245	-2.94	3.29
1637328246	-3.34	3.29
1637328248	-3.83	3.29
1637328250	-3.61	3.29
1637328252	-2.91	3.29
1637328254	-2.42	3.29
1637328256	-2.55	3.29
1637328258	-2.76	3.29
1637328260	-2.79	3.29
1637328262	-2.94	3.29
1637328264	-3.13	3.29
1637328266	-3.4	3.29
1637328268	-3.28	3.29
1637328270	-3.31	3.29
1637328272	-2.94	3.29
1637328274	-2.64	3.29
1637328276	-2.64	3.29
1637328278	-2.33	3.29
1637328280	-2.36	3.29
1637328282	-2.45	3.29
1637328284	-2.55	3.29
1637328286	-2.85	3.29
1637328288	-2.82	3.29
1637328290	-2.79	3.29
1637328292	-3.07	3.29
1637328294	-3.37	3.29
1637328296	-3.31	3.29
1637328298	-3.25	3.29
1637328300	-3.03	3.29
1637328302	-2.85	3.29
1637328304	-2.3	3.29
1637328306	-2.3	3.29
1637328308	-2.49	3.29
1637328310	-2.42	3.29
1637328312	-2.61	3.29
1637328314	-2.7	3.29
1637328316	-2.7	3.29
1637328318	-2.82	3.29
1637328320	-2.97	3.29
1637328322	-3.03	3.29
1637328324	-3.37	3.29
1637328326	-3.28	3.29
1637328328	-3.03	3.29
1637328330	-2.97	3.29
1637328332	-2.42	3.29
1637328334	-2.39	3.29
1637328336	-2.64	3.29
1637328338	-2.64	3.29
1637328340	-2.64	3.29
1637328342	-2.76	3.29
1637328344	-2.91	3.29
1637328346	-3.22	3.29
1637328348	-3.31	3.29
1637328350	-3.28	3.29
1637328352	-3.1	3.29
1637328354	-2.82	3.29
1637328356	-2.58	3.29
1637328358	-2.39	3.29
1637328360	-2.39	3.29
1637328362	-2.45	3.29
1637328364	-2.42	3.29
1637328366	-2.76	3.29
1637328368	-2.79	3.29
1637328370	-2.94	3.29
1637328379	-2.64	3.29
1637328386	-2.82	3.29
1637328388	-2.91	3.29
1637328390	-3.03	3.29
1637328392	-3.03	3.29
1637328394	-3.34	3.29
1637328396	-3.25	3.29
1637328401	-3.34	3.29
1637328401	-3.34	3.29
1637328402	-3.25	3.29
1637328404	-3.28	3.29
1637328406	-3.28	3.29
1637328408	-3.28	3.29
1637328410	-3.25	3.29
1637328412	-3.19	3.29
1637328414	-3.07	3.29
1637328416	-3.03	3.29
1637328418	-2.64	3.29
1637328420	-2.7	3.29
1637328422	-2.45	3.29
1637328424	-2.33	3.29
1637328426	-2.49	3.29
1637328428	-2.67	3.29
1637328433	-2.67	3.29
1637328433	-2.52	3.29
1637328434	-2.58	3.29
1637328436	-2.45	3.29
1637328438	-2.45	3.29
1637328440	-2.33	3.29
1637328442	-2.42	3.29
1637328444	-2.33	3.29
1637328446	-2.58	3.29
1637328451	-2.64	3.29
1637328451	-2.76	3.29
1637328458	-3.13	3.3
1637328467	-2.7	3.3
1637328469	-2.61	3.3
1637328471	-2.7	3.3
1637328473	-2.76	3.3
1637328475	-2.76	3.3
1637328477	-2.82	3.3
1637328479	-2.88	3.3
1637328481	-2.88	3.3
1637328483	-2.85	3.3
1637328485	-2.88	3.3
1637328487	-2.94	3.3
1637328492	-2.85	3.3
1637328491	-3.03	3.3
1637328652	-5.11	2.9
1637328658	-2.42	2.9
1637328660	-2.27	2.9
1637328662	-2.21	2.89
1637328691	-2.39	2.91
1637328779	-2.3	2.89
1637328808	-2.39	2.9
1637328837	-2.36	2.89
1637328866	-2.33	2.9
1637328925	-2.42	2.89
1637328954	-2.39	2.89
1637328983	-2.58	2.89
1637329012	-2.45	2.89
1637329042	-2.45	2.89
1637329071	-2.49	2.89
1637329100	-2.52	2.89
1637329129	-2.58	2.89
1637329159	-2.64	2.89
1637329188	-2.67	2.89
1637329217	-2.49	2.89
1637329246	-2.55	2.89
1637329276	-2.45	2.89
1637329305	-2.73	2.89
1637329334	-2.45	2.89
1637329363	-2.64	2.88
1637329422	-2.39	2.88
1637329451	-2.52	2.89
1637329480	-2.33	2.88
1637329529	-2.45	2.89
1637329559	-2.64	2.88
1637329588	-2.36	2.89
1637329617	-2.67	2.89
1637329646	-2.55	2.88
1637329675	-2.52	2.89
1637329705	-2.42	2.88
1637329734	-2.61	2.88
1637329792	-2.3	2.89
1637329822	-2.52	2.89
1637329880	-2.39	2.88
1637329909	-2.42	2.89
1637329939	-2.52	2.89
1637329968	-2.49	2.88
1637329997	-2.45	2.88
1637330026	-2.55	2.88
1637330056	-2.52	2.89
1637330137	-7.83	3.31
1637330172	-3.43	3.31
1637330174	-2.55	3.31
1637330176	-2.55	3.31
1637330178	-2.88	3.31
1637330183	-2.88	3.31
1637330183	-3.07	3.31
1637330184	-3.07	3.31
1637330189	-3.34	3.31
1637330191	-3.55	3.31
1637330193	-4.07	3.31
1637330195	-3.89	3.31
1637330197	-3.61	3.31
1637330199	-3.22	3.31
1637330209	-2.85	3.31
1637330211	-2.64	3.31
1637330213	-2.15	3.31
1637330215	-2.61	3.31
1637330217	-2.61	3.31
1637330219	-3.1	3.31
1637330231	-3.98	3.31
1637330233	-3.89	3.3
1637330235	-3.77	3.31
1637330237	-3.86	3.31
1637330239	-3.92	3.3
1637330241	-3.89	3.3
1637330243	-3.89	3.31
1637330245	-3.71	3.3
1637330247	-3.43	3.31
1637330249	-3.43	3.3
1637330251	-3.4	3.31
1637330253	-3	3.3
1637330255	-3.1	3.31
1637330257	-3.19	3.3
1637330259	-3.43	3.3
1637330261	-3.49	3.3
1637330263	-3.74	3.3
1637330265	-3.8	3.3
1637330267	-3.77	3.3
1637330269	-3.74	3.3
1637330271	-3.95	3.3
1637330273	-4.01	3.3
1637330275	-3.77	3.3
1637330277	-3.89	3.3
1637330279	-3.89	3.3
1637330281	-3.74	3.3
1637330283	-3.89	3.3
1637330285	-3.86	3.3
1637330659	-2.21	3.31
1637330669	-2.76	3.31
1637330671	-2.67	3.31
1637330673	-3.13	3.31
1637330675	-3.22	3.31
1637330677	-3.1	3.31
1637330688	-3.61	3.31
1637330692	-2.82	3.31
1637330694	-2.76	3.31
1637330696	-2.64	3.31
1637330698	-2.85	3.31
1637330700	-2.88	3.31
1637330702	-2.67	3.31
1637330704	-2.49	3.31
1637330706	-2.24	3.31
1637330708	-2.24	3.31
1637330710	-2.7	3.31
1637330712	-2.88	3.31
1637330714	-3	3.31
1637330759	-6.3	2.9
1637330788	-2.36	2.9
1637330818	-1.94	2.9
1637330906	15.61	2.72
1637330964	-0.81	2.84
1637330994	-1.14	2.86
1637331052	-1.45	2.87
1637331105	-1.87	2.88
1637331134	-2	2.88
1637331164	-2.06	2.88
1637331193	-2.03	2.89
1637331222	-2.18	2.89
1637331281	-2.33	2.89
1637331310	-2.12	2.89
1637331339	-2.18	2.89
1637331368	-2.33	2.89
1637331398	-2.18	2.89
1637331636	-6.27	2.87
1637331665	-1.36	2.87
1637331694	-1.57	2.87
1637331723	-1.6	2.87
1637331752	-1.54	2.87
1637331811	-1.57	2.87
1637331840	-1.57	2.87
1637331870	-1.57	2.87
1637331899	-1.66	2.87
1637331957	-1.45	2.87
1637332016	-1.54	2.87
1637332045	-1.66	2.87
1637332074	-1.48	2.87
1637332104	-1.81	2.87
1637332133	-1.69	2.87
1637332163	-1.66	2.87
1637332192	-1.54	2.87
1637332221	-1.84	2.87
1637332251	-1.81	2.87
1637332309	-1.81	2.87
1637332338	-1.81	2.87
1637332368	-1.75	2.87
1637332397	-2	2.87
1637332426	-2	2.87
1637332455	-1.97	2.87
1637332485	-1.84	2.87
1637332515	-1.69	2.87
1637332573	-1.69	2.87
1637332603	-1.72	2.86
1637332632	-1.87	2.87
1637332661	-1.84	2.87
1637332690	-1.78	2.87
1637332720	-1.87	2.87
1637332749	-1.72	2.87
1637332778	-1.87	2.87
1637332807	-1.87	2.87
1637332836	-1.72	2.87
1637332866	-2.03	2.87
1637332895	-2.12	2.87
1637332924	-1.94	2.87
1637332953	-2.03	2.87
1637333012	-1.81	2.87
1637333041	-1.97	2.87
1637333070	-2	2.87
1637333100	-2.03	2.87
1637333129	-2	2.87
1637333158	-2.03	2.88
1637333187	-1.78	2.87
1637333217	-2.12	2.87
1637333246	-1.94	2.88
1637333275	-1.97	2.87
1637333304	-2.12	2.87
1637333334	-2.09	2.87
1637333363	-1.84	2.87
1637333392	-2	2.87
1637333421	-2.09	2.87
